Открытое сообщение:
    Художник -- это тот, кто создает красивые вещи. 
       Раскрыть художество и скрыть художника -- такова у художества цель. 
       Критик -- это тот, кто в новой манере, или пользуясь новым материалом, выразит свое впечатление от этих красивых вещей. 
       Критика, плохая и хорошая, всегда есть автобиография. 
       Так что те, кто видят развратное в прекрасном, сами развратны и притом не прекрасны. Это большой недостаток. 
       Находить в прекрасных вещах также и прекрасные идеи умеют люди культурные. Для них еще есть надежда. 
       И только для избранных прекрасные вещи исключительно означают красоту. 
       Нет ни нравственных, ни безнравственных книг. Есть книги, хорошо написанные, и есть книги, плохо написанные. Только. 
       Неприязнь девятнадцатого века к реализму -- это ярость Калибана, видящего в зеркале свое лицо. 
       Неприязнь девятнадцатого века к романтизму -- это ярость Калибана, не видящего в зеркале своего лица. 
       Чья-нибудь нравственная жизнь может порой оказаться сюжетом художника; однако вся нравственность художества -- в совершенном применении несовершенных средств. 
       Ни единый художник не желает что-либо доказывать, ведь доказаны могут быть даже достоверные истины. 
       Ни у какого художника не бывает этических пристрастий. Этические пристрастия в художнике есть непростительная манерность стиля. 
       Болезненных художников нет. Художник может изображать все. 
       Мысль и язык для художника, -- орудия его художества. 
       Порок и беспорочность для художника -- материалы его художества. 
       В отношении формы, музыка есть первообраз всякого искусства. В отношении чувства, первообразом является лицедейство актера. 
       Всякое искусство одновременно есть и поверхность и символ. 
       Те, кто проникают глубже поверхности, сами ответственны за это. 
       Те, кто разгадывают символ, сами ответственны за это. 
       Ибо зрителя, а не жизнь, поистине отражает искусство. 
       Несогласие мнений о каком-нибудь создании искусства свидетельствует, что это создание ново, сложно и жизненно. 
       Если критики между собой не согласны, -- художник в согласии с собою. 
       Мы можем простить человека, создающего полезную вещь, если сам он не восхищается ею. Единственное оправдание для создающего бесполезную вещь -- это то, что каждый восхищается ею безмерно. 
       Все искусство совершенно бесполезно.

Ключ k: 23
Модуль m: 499
Зашифрованное сообщение (числа):
55 55 55 55 197 33 13 133 197 356 197 130 197 284 197 322 197 261 197 97 55 143 143 55 13 71 13 259 197 130 55 13 259 197 130 13 259 363 55 197 97 13 259 197 130 55 13 338 197 130 197 455 197 356 197 68 197 136 13 259 55 197 97 13 234 197 68 13 338 197 261 197 23 13 449 197 136 55 197 23 197 136 13 461 197 261 226 55 325 55 55 55 55 55 55 55 197 464 197 68 13 338 197 97 13 234 13 449 13 259 13 109 55 13 342 13 133 197 356 197 130 197 284 197 136 13 338 13 259 197 23 197 130 55 197 261 55 13 338 197 97 13 234 13 449 13 259 13 109 55 13 342 13 133 197 356 197 130 197 284 197 322 197 261 197 97 197 68 55 143 143 55 13 259 197 68 197 97 197 130 197 23 197 68 55 13 133 55 13 342 13 133 197 356 197 130 197 284 197 136 13 338 13 259 197 23 197 68 55 13 212 197 136 197 429 13 109 226 55 325 55 55 55 55 55 55 55 197 247 13 234 197 261 13 259 197 261 197 97 55 143 143 55 13 71 13 259 197 130 55 13 259 197 130 13 259 363 55 197 97 13 259 197 130 55 197 23 55 197 322 197 130 197 23 197 130 197 401 55 197 54 197 68 197 322 197 136 13 234 197 136 363 55 197 261 197 429 197 261 55 197 11 197 130 197 429 13 109 197 455 13 133 13 316 13 338 13 109 55 197 322 197 130 197 23 13 449 197 54 55 197 54 197 68 13 259 197 136 13 234 197 261 197 68 197 429 197 130 197 54 363 55 197 23 13 449 13 234 197 68 197 455 197 261 13 259 55 13 338 197 23 197 130 197 136 55 197 23 197 11 197 136 13 106 197 68 13 259 197 429 197 136 197 322 197 261 197 136 55 197 130 13 259 55 13 71 13 259 197 261 13 342 55 197 97 13 234 197 68 13 338 197 261 197 23 13 449 13 342 55 197 23 197 136 13 461 197 136 197 401 226 55 325 55 55 55 55 55 55 55 197 247 13 234 197 261 13 259 197 261 197 97 197 68 363 55 197 11 197 429 197 130 13 342 197 68 13 316 55 197 261 55 13 342 197 130 13 234 197 130 13 5 197 68 13 316 363 55 197 23 13 338 197 136 197 273 197 356 197 68 55 197 136 13 338 13 259 13 109 55 197 68 197 23 13 259 197 130 197 156 197 261 197 130 197 273 13 234 197 68 13 296 197 261 13 316 226 55 325 55 55 55 55 55 55 55 197 25 197 68 197 97 55 13 106 13 259 197 130 55 13 259 197 136 363 55 197 97 13 259 197 130 55 197 23 197 261 197 356 13 316 13 259 55 13 234 197 68 197 455 197 23 13 234 197 68 13 259 197 322 197 130 197 136 55 197 23 55 197 11 13 234 197 136 197 97 13 234 197 68 13 338 197 322 197 130 197 54 363 55 13 338 197 68 197 54 197 261 55 13 234 197 68 197 455 197 23 13 234 197 68 13 259 197 322 13 449 55 197 261 55 197 11 13 234 197 261 13 259 197 130 197 54 55 197 322 197 136 55 197 11 13 234 197 136 197 97 13 234 197 68 13 338 197 322 13 449 226 55 197 16 13 259 197 130 55 197 156 197 130 197 429 13 109 13 5 197 130 197 401 55 197 322 197 136 197 356 197 130 13 338 13 259 197 68 13 259 197 130 197 97 226 55 325 55 55 55 55 55 55 55 197 107 197 68 13 342 197 130 197 356 197 261 13 259 13 109 55 197 23 55 197 11 13 234 197 136 197 97 13 234 197 68 13 338 197 322 13 449 13 342 55 197 23 197 136 13 461 197 68 13 342 55 13 259 197 68 197 97 197 284 197 136 55 197 261 55 197 11 13 234 197 136 197 97 13 234 197 68 13 338 197 322 13 449 197 136 55 197 261 197 356 197 136 197 261 55 13 133 197 54 197 136 13 96 13 259 55 197 429 13 96 197 356 197 261 55 197 97 13 133 197 429 13 109 13 259 13 133 13 234 197 322 13 449 197 136 226 55 197 305 197 429 13 316 55 197 322 197 261 13 342 55 197 136 13 461 197 136 55 197 136 13 338 13 259 13 109 55 197 322 197 68 197 356 197 136 197 284 197 356 197 68 226 55 325 55 55 55 55 55 55 55 197 65 55 13 259 197 130 197 429 13 109 197 97 197 130 55 197 356 197 429 13 316 55 197 261 197 455 197 156 13 234 197 68 197 322 197 322 13 449 13 342 55 197 11 13 234 197 136 197 97 13 234 197 68 13 338 197 322 13 449 197 136 55 197 23 197 136 13 461 197 261 55 197 261 13 338 197 97 197 429 13 96 13 106 197 261 13 259 197 136 197 429 13 109 197 322 197 130 55 197 130 197 455 197 322 197 68 13 106 197 68 13 96 13 259 55 197 97 13 234 197 68 13 338 197 130 13 259 13 133 226 55 325 55 55 55 55 55 55 55 197 107 197 136 13 259 55 197 322 197 261 55 197 322 13 234 197 68 197 23 13 338 13 259 197 23 197 136 197 322 197 322 13 449 13 342 363 55 197 322 197 261 55 197 156 197 136 197 455 197 322 13 234 197 68 197 23 13 338 13 259 197 23 197 136 197 322 197 322 13 449 13 342 55 197 97 197 322 197 261 197 273 226 55 197 181 13 338 13 259 13 109 55 197 97 197 322 197 261 197 273 197 261 363 55 13 342 197 130 13 234 197 130 13 5 197 130 55 197 322 197 68 197 11 197 261 13 338 197 68 197 322 197 322 13 449 197 136 363 55 197 261 55 197 136 13 338 13 259 13 109 55 197 97 197 322 197 261 197 273 197 261 363 55 197 11 197 429 197 130 13 342 197 130 55 197 322 197 68 197 11 197 261 13 338 197 68 197 322 197 322 13 449 197 136 226 55 197 25 197 130 197 429 13 109 197 97 197 130 226 55 325 55 55 55 55 55 55 55 197 107 197 136 197 11 13 234 197 261 13 316 197 455 197 322 13 109 55 197 356 197 136 197 23 13 316 13 259 197 322 197 68 197 356 13 212 197 68 13 259 197 130 197 273 197 130 55 197 23 197 136 197 97 197 68 55 197 97 55 13 234 197 136 197 68 197 429 197 261 197 455 197 54 13 133 55 143 143 55 13 71 13 259 197 130 55 13 316 13 234 197 130 13 338 13 259 13 109 55 197 247 197 68 197 429 197 261 197 156 197 68 197 322 197 68 363 55 197 23 197 261 197 356 13 316 13 461 197 136 197 273 197 130 55 197 23 55 197 455 197 136 13 234 197 97 197 68 197 429 197 136 55 13 338 197 23 197 130 197 136 55 197 429 197 261 13 212 197 130 226 55 325 55 55 55 55 55 55 55 197 107 197 136 197 11 13 234 197 261 13 316 197 455 197 322 13 109 55 197 356 197 136 197 23 13 316 13 259 197 322 197 68 197 356 13 212 197 68 13 259 197 130 197 273 197 130 55 197 23 197 136 197 97 197 68 55 197 97 55 13 234 197 130 197 54 197 68 197 322 13 259 197 261 197 455 197 54 13 133 55 143 143 55 13 71 13 259 197 130 55 13 316 13 234 197 130 13 338 13 259 13 109 55 197 247 197 68 197 429 197 261 197 156 197 68 197 322 197 68 363 55 197 322 197 136 55 197 23 197 261 197 356 13 316 13 461 197 136 197 273 197 130 55 197 23 55 197 455 197 136 13 234 197 97 197 68 197 429 197 136 55 13 338 197 23 197 130 197 136 197 273 197 130 55 197 429 197 261 13 212 197 68 226 55 325 55 55 55 55 55 55 55 197 188 13 109 13 316 143 197 322 197 261 197 156 13 133 197 356 13 109 55 197 322 13 234 197 68 197 23 13 338 13 259 197 23 197 136 197 322 197 322 197 68 13 316 55 197 284 197 261 197 455 197 322 13 109 55 197 54 197 130 197 284 197 136 13 259 55 197 11 197 130 13 234 197 130 197 401 55 197 130 197 97 197 68 197 455 197 68 13 259 13 109 13 338 13 316 55 13 338 13 96 197 284 197 136 13 259 197 130 197 54 55 13 342 13 133 197 356 197 130 197 284 197 322 197 261 197 97 197 68 288 55 197 130 197 356 197 322 197 68 197 97 197 130 55 197 23 13 338 13 316 55 197 322 13 234 197 68 197 23 13 338 13 259 197 23 197 136 197 322 197 322 197 130 13 338 13 259 13 109 55 13 342 13 133 197 356 197 130 197 284 197 136 13 338 13 259 197 23 197 68 55 143 143 55 197 23 55 13 338 197 130 197 23 197 136 13 234 13 5 197 136 197 322 197 322 197 130 197 54 55 197 11 13 234 197 261 197 54 197 136 197 322 197 136 197 322 197 261 197 261 55 197 322 197 136 13 338 197 130 197 23 197 136 13 234 13 5 197 136 197 322 197 322 13 449 13 342 55 13 338 13 234 197 136 197 356 13 338 13 259 197 23 226 55 325 55 55 55 55 55 55 55 197 107 197 261 55 197 136 197 356 197 261 197 322 13 449 197 401 55 13 342 13 133 197 356 197 130 197 284 197 322 197 261 197 97 55 197 322 197 136 55 197 284 197 136 197 429 197 68 197 136 13 259 55 13 106 13 259 197 130 143 197 429 197 261 197 156 197 130 55 197 356 197 130 197 97 197 68 197 455 13 449 197 23 197 68 13 259 13 109 363 55 197 23 197 136 197 356 13 109 55 197 356 197 130 197 97 197 68 197 455 197 68 197 322 13 449 55 197 54 197 130 197 273 13 133 13 259 55 197 156 13 449 13 259 13 109 55 197 356 197 68 197 284 197 136 55 197 356 197 130 13 338 13 259 197 130 197 23 197 136 13 234 197 322 13 449 197 136 55 197 261 13 338 13 259 197 261 197 322 13 449 226 55 325 55 55 55 55 55 55 55 197 107 197 261 55 13 133 55 197 97 197 68 197 97 197 130 197 273 197 130 55 13 342 13 133 197 356 197 130 197 284 197 322 197 261 197 97 197 68 55 197 322 197 136 55 197 156 13 449 197 23 197 68 197 136 13 259 55 13 71 13 259 197 261 13 106 197 136 13 338 197 97 197 261 13 342 55 197 11 13 234 197 261 13 338 13 259 13 234 197 68 13 338 13 259 197 261 197 401 226 55 197 16 13 259 197 261 13 106 197 136 13 338 197 97 197 261 197 136 55 197 11 13 234 197 261 13 338 13 259 13 234 197 68 13 338 13 259 197 261 13 316 55 197 23 55 13 342 13 133 197 356 197 130 197 284 197 322 197 261 197 97 197 136 55 197 136 13 338 13 259 13 109 55 197 322 197 136 197 11 13 234 197 130 13 338 13 259 197 261 13 259 197 136 197 429 13 109 197 322 197 68 13 316 55 197 54 197 68 197 322 197 136 13 234 197 322 197 130 13 338 13 259 13 109 55 13 338 13 259 197 261 197 429 13 316 226 55 325 55 55 55 55 55 55 55 197 453 197 130 197 429 197 136 197 455 197 322 197 136 197 322 197 322 13 449 13 342 55 13 342 13 133 197 356 197 130 197 284 197 322 197 261 197 97 197 130 197 23 55 197 322 197 136 13 259 226 55 197 33 13 133 197 356 197 130 197 284 197 322 197 261 197 97 55 197 54 197 130 197 284 197 136 13 259 55 197 261 197 455 197 130 197 156 13 234 197 68 197 284 197 68 13 259 13 109 55 197 23 13 338 197 136 226 55 325 55 55 55 55 55 55 55 197 15 13 449 13 338 197 429 13 109 55 197 261 55 13 316 197 455 13 449 197 97 55 197 356 197 429 13 316 55 13 342 13 133 197 356 197 130 197 284 197 322 197 261 197 97 197 68 363 55 143 143 55 197 130 13 234 13 133 197 356 197 261 13 316 55 197 136 197 273 197 130 55 13 342 13 133 197 356 197 130 197 284 197 136 13 338 13 259 197 23 197 68 226 55 325 55 55 55 55 55 55 55 197 331 197 130 13 234 197 130 197 97 55 197 261 55 197 156 197 136 13 338 197 11 197 130 13 234 197 130 13 106 197 322 197 130 13 338 13 259 13 109 55 197 356 197 429 13 316 55 13 342 13 133 197 356 197 130 197 284 197 322 197 261 197 97 197 68 55 143 143 55 197 54 197 68 13 259 197 136 13 234 197 261 197 68 197 429 13 449 55 197 136 197 273 197 130 55 13 342 13 133 197 356 197 130 197 284 197 136 13 338 13 259 197 23 197 68 226 55 325 55 55 55 55 55 55 55 197 328 55 197 130 13 259 197 322 197 130 13 5 197 136 197 322 197 261 197 261 55 13 296 197 130 13 234 197 54 13 449 363 55 197 54 13 133 197 455 13 449 197 97 197 68 55 197 136 13 338 13 259 13 109 55 197 11 197 136 13 234 197 23 197 130 197 130 197 156 13 234 197 68 197 455 55 197 23 13 338 13 316 197 97 197 130 197 273 197 130 55 197 261 13 338 197 97 13 133 13 338 13 338 13 259 197 23 197 68 226 55 197 328 55 197 130 13 259 197 322 197 130 13 5 197 136 197 322 197 261 197 261 55 13 106 13 133 197 23 13 338 13 259 197 23 197 68 363 55 197 11 197 136 13 234 197 23 197 130 197 130 197 156 13 234 197 68 197 455 197 130 197 54 55 13 316 197 23 197 429 13 316 197 136 13 259 13 338 13 316 55 197 429 197 261 13 212 197 136 197 356 197 136 197 401 13 338 13 259 197 23 197 130 55 197 68 197 97 13 259 197 136 13 234 197 68 226 55 325 55 55 55 55 55 55 55 197 328 13 338 13 316 197 97 197 130 197 136 55 197 261 13 338 197 97 13 133 13 338 13 338 13 259 197 23 197 130 55 197 130 197 356 197 322 197 130 197 23 13 234 197 136 197 54 197 136 197 322 197 322 197 130 55 197 136 13 338 13 259 13 109 55 197 261 55 197 11 197 130 197 23 197 136 13 234 13 342 197 322 197 130 13 338 13 259 13 109 55 197 261 55 13 338 197 261 197 54 197 23 197 130 197 429 226 55 325 55 55 55 55 55 55 55 197 25 197 136 363 55 197 97 13 259 197 130 55 197 11 13 234 197 130 197 322 197 261 197 97 197 68 13 96 13 259 55 197 273 197 429 13 133 197 156 197 284 197 136 55 197 11 197 130 197 23 197 136 13 234 13 342 197 322 197 130 13 338 13 259 197 261 363 55 13 338 197 68 197 54 197 261 55 197 130 13 259 197 23 197 136 13 259 13 338 13 259 197 23 197 136 197 322 197 322 13 449 55 197 455 197 68 55 13 71 13 259 197 130 226 55 325 55 55 55 55 55 55 55 197 25 197 136 363 55 197 97 13 259 197 130 55 13 234 197 68 197 455 197 273 197 68 197 356 13 449 197 23 197 68 13 96 13 259 55 13 338 197 261 197 54 197 23 197 130 197 429 363 55 13 338 197 68 197 54 197 261 55 197 130 13 259 197 23 197 136 13 259 13 338 13 259 197 23 197 136 197 322 197 322 13 449 55 197 455 197 68 55 13 71 13 259 197 130 226 55 325 55 55 55 55 55 55 55 197 65 197 156 197 130 55 197 455 13 234 197 261 13 259 197 136 197 429 13 316 363 55 197 68 55 197 322 197 136 55 197 284 197 261 197 455 197 322 13 109 363 55 197 11 197 130 197 261 13 338 13 259 197 261 197 322 197 136 55 197 130 13 259 13 234 197 68 197 284 197 68 197 136 13 259 55 197 261 13 338 197 97 13 133 13 338 13 338 13 259 197 23 197 130 226 55 325 55 55 55 55 55 55 55 197 107 197 136 13 338 197 130 197 273 197 429 197 68 13 338 197 261 197 136 55 197 54 197 322 197 136 197 322 197 261 197 401 55 197 130 55 197 97 197 68 197 97 197 130 197 54 143 197 322 197 261 197 156 13 133 197 356 13 109 55 13 338 197 130 197 455 197 356 197 68 197 322 197 261 197 261 55 197 261 13 338 197 97 13 133 13 338 13 338 13 259 197 23 197 68 55 13 338 197 23 197 261 197 356 197 136 13 259 197 136 197 429 13 109 13 338 13 259 197 23 13 133 197 136 13 259 363 55 13 106 13 259 197 130 55 13 71 13 259 197 130 55 13 338 197 130 197 455 197 356 197 68 197 322 197 261 197 136 55 197 322 197 130 197 23 197 130 363 55 13 338 197 429 197 130 197 284 197 322 197 130 55 197 261 55 197 284 197 261 197 455 197 322 197 136 197 322 197 322 197 130 226 55 325 55 55 55 55 55 55 55 197 181 13 338 197 429 197 261 55 197 97 13 234 197 261 13 259 197 261 197 97 197 261 55 197 54 197 136 197 284 197 356 13 133 55 13 338 197 130 197 156 197 130 197 401 55 197 322 197 136 55 13 338 197 130 197 273 197 429 197 68 13 338 197 322 13 449 363 55 143 143 55 13 342 13 133 197 356 197 130 197 284 197 322 197 261 197 97 55 197 23 55 13 338 197 130 197 273 197 429 197 68 13 338 197 261 197 261 55 13 338 55 13 338 197 130 197 156 197 130 13 96 226 55 325 55 55 55 55 55 55 55 197 15 13 449 55 197 54 197 130 197 284 197 136 197 54 55 197 11 13 234 197 130 13 338 13 259 197 261 13 259 13 109 55 13 106 197 136 197 429 197 130 197 23 197 136 197 97 197 68 363 55 13 338 197 130 197 455 197 356 197 68 13 96 13 461 197 136 197 273 197 130 55 197 11 197 130 197 429 197 136 197 455 197 322 13 133 13 96 55 197 23 197 136 13 461 13 109 363 55 197 136 13 338 197 429 197 261 55 13 338 197 68 197 54 55 197 130 197 322 55 197 322 197 136 55 197 23 197 130 13 338 13 342 197 261 13 461 197 68 197 136 13 259 13 338 13 316 55 197 136 13 96 226 55 197 181 197 356 197 261 197 322 13 338 13 259 197 23 197 136 197 322 197 322 197 130 197 136 55 197 130 197 11 13 234 197 68 197 23 197 356 197 68 197 322 197 261 197 136 55 197 356 197 429 13 316 55 13 338 197 130 197 455 197 356 197 68 13 96 13 461 197 136 197 273 197 130 55 197 156 197 136 13 338 197 11 197 130 197 429 197 136 197 455 197 322 13 133 13 96 55 197 23 197 136 13 461 13 109 55 143 143 55 13 71 13 259 197 130 55 13 259 197 130 363 55 13 106 13 259 197 130 55 197 97 197 68 197 284 197 356 13 449 197 401 55 197 23 197 130 13 338 13 342 197 261 13 461 197 68 197 136 13 259 13 338 13 316 55 197 136 13 96 55 197 156 197 136 197 455 197 54 197 136 13 234 197 322 197 130 226 55 325 55 55 55 55 55 55 55 197 328 13 338 197 136 55 197 261 13 338 197 97 13 133 13 338 13 338 13 259 197 23 197 130 55 13 338 197 130 197 23 197 136 13 234 13 5 197 136 197 322 197 322 197 130 55 197 156 197 136 13 338 197 11 197 130 197 429 197 136 197 455 197 322 197 130 226 325 

